30     8407   2        127.5   255              06-09-2025      
30     8474   1        125.65  125.65           06-09-2025      
30     8974   1        119     119              06-09-2025      
30     8975   1        34      34               06-09-2025      
50     8974   2        119     238              03-09-2025      
725    8602   1        362.34  362.34           17-09-2025      
1031   25     2        118.15  236.3            27-09-2025      
1130   9047   1        212.5   212.5            15-09-2025      
1152   25     1        118.15  118.15           06-09-2025      
1229   25     1        118.15  118.15           06-09-2025      
1334   25     1        118.15  118.15           13-09-2025      
1334   25     1        118.15  118.15           20-09-2025      
1495   8467   1        333.2   333.2            18-09-2025      
1783   9012   3        465.38  1396.14          23-09-2025      
5001   25     2        118.15  236.3            17-09-2025      
5009   9006   10       229.5   2295             17-09-2025      
5009   9047   10       212.5   2125             17-09-2025      
5015   9006   1        229.5   229.5            17-09-2025      
5039   25     2        118.15  236.3            10-09-2025      
5039   25     2        118.15  236.3            17-09-2025      
5039   25     3        118.15  354.45           24-09-2025      
5050   25     3        118.15  354.45           10-09-2025      
5052   8594   1        228.02  228.02           24-09-2025      
5052   8620   2        144.5   289              24-09-2025      
5052   9012   1        465.38  465.38           17-09-2025      
5061   8510   1        599.15  599.15           10-09-2025      
5070   44     1        90.94   90.94            17-09-2025      
5070   8673   1        41.34   41.34            17-09-2025      
5070   9006   1        229.5   229.5            17-09-2025      
5070   9047   1        212.5   212.5            17-09-2025      
5082   8633   1        79.81   79.81            17-09-2025      
5082   8974   1        119     119              17-09-2025      
5111   8620   1        144.5   144.5            10-09-2025      
5116   8406   1        92      92               03-09-2025      
7102   8474   1        125.65  125.65           19-09-2025      
8018   8413   1        95.17   95.17            04-09-2025      
8030   25     6        118.15  708.9            04-09-2025      
8031   9047   1        212.5   212.5            04-09-2025      
8044   25     3        118.15  354.45           11-09-2025      
8044   8594   2        228.02  456.04           11-09-2025      
8053   9006   3        229.5   688.5            18-09-2025      
8056   8868   1        374     374              04-09-2025      
8062   8975   1        34      34               25-09-2025      
8078   8815   1        101.88  101.88           04-09-2025      
8120   8986   1        93.5    93.5             18-09-2025      
8129   8406   1        92      92               11-09-2025      
8150   25     3        118.15  354.45           04-09-2025      
11000  8406   1        92      92               01-09-2025      
19167  8407   1        127.5   127.5            01-09-2025      
19201  8510   1        599.15  599.15           04-09-2025      
19294  8485   1        93.5    93.5             24-09-2025      
19294  8800   1        59.5    59.5             24-09-2025      
19363  25     2        118.15  236.3            24-09-2025      
19400  49     2        72.25   144.5            04-09-2025      
19400  49     1        72.25   72.25            18-09-2025      
19400  8664   1        63.75   63.75            04-09-2025      
19400  8664   2        63.75   127.5            18-09-2025      
19490  25     7        118.15  827.05           24-09-2025      
19490  8457   3        61.2    183.6            24-09-2025      
19490  8514   2        74.58   149.16           24-09-2025      
19490  8603   2        51.85   103.7            24-09-2025      
19490  8974   1        119     119              24-09-2025      
19519  9001   1        55.25   55.25            17-09-2025      
19725  8633   1        79.81   79.81            25-09-2025      
