30     8407   10       127.5   1275             06-09-2025      
30     8474   10       125.65  1256.5           06-09-2025      
30     8974   10       119     1190             06-09-2025      
30     8975   10       34      340              06-09-2025      
50     8974   20       119     2380             03-09-2025      
725    8602   10       362.34  3623.4           17-09-2025      
1004   8413   2        95.17   190.34           13-09-2025      
1004   8534   2        102     204              13-09-2025      
1027   18     1        68      68               20-09-2025      
1031   3      2        324.7   649.4            27-09-2025      
1031   25     20       118.15  2363             27-09-2025      
1046   8164   3        119     357              13-09-2025      
1046   8534   2        102     204              13-09-2025      
1046   8594   2        228.02  456.04           13-09-2025      
1046   9012   1        465.38  465.38           13-09-2025      
1079   25     1        118.15  118.15           13-09-2025      
1079   8514   1        74.58   74.58            13-09-2025      
1100   8815   3        101.88  305.64           20-09-2025      
1130   9047   10       212.5   2125             15-09-2025      
1152   25     10       118.15  1181.5           06-09-2025      
1190   19     1        85      85               10-09-2025      
1190   8442   3        102     306              10-09-2025      
1197   19     5        85      425              27-09-2025      
1197   8473   2        116.14  232.28           27-09-2025      
1200   8673   1        41.34   41.34            27-09-2025      
1209   11     1        53.79   53.79            20-09-2025      
1209   25     5        118.15  590.75           06-09-2025      
1209   25     6        118.15  708.9            20-09-2025      
1209   25     4        118.15  472.6            27-09-2025      
1209   8164   1        119     119              06-09-2025      
1209   8164   2        119     238              20-09-2025      
1209   8164   2        119     238              27-09-2025      
1209   8412   1        127.5   127.5            06-09-2025      
1209   8412   1        127.5   127.5            27-09-2025      
1209   8457   5        61.2    306              27-09-2025      
1209   8485   1        93.5    93.5             20-09-2025      
1209   8534   1        102     102              20-09-2025      
1209   8534   1        102     102              27-09-2025      
1209   8594   2        228.02  456.04           27-09-2025      
1209   8620   3        144.5   433.5            20-09-2025      
1209   8974   2        119     238              27-09-2025      
1229   25     10       118.15  1181.5           06-09-2025      
1245   8406   1        92      92               06-09-2025      
1298   9012   1        465.38  465.38           16-09-2025      
1312   8163   2        65.21   130.42           27-09-2025      
1312   8628   4        22.576  90.304           27-09-2025      
1312   9001   2        55.25   110.5            27-09-2025      
1322   11     3        53.79   161.37           13-09-2025      
1322   42     4        57.21   228.84           13-09-2025      
1322   8595   1        55.25   55.25            13-09-2025      
1322   8795   2        29.274  58.548           13-09-2025      
1322   8831   1        73.1    73.1             13-09-2025      
1322   8869   10       56.1    561              13-09-2025      
1322   9001   7        55.25   386.75           13-09-2025      
1322   9039   3        56.4    169.2            13-09-2025      
1334   25     10       118.15  1181.5           13-09-2025      
1334   25     10       118.15  1181.5           20-09-2025      
1334   8412   8        127.5   1020             13-09-2025      
1334   8413   1        95.17   95.17            13-09-2025      
1450   18     6        68      408              06-09-2025      
1482   11     3        53.79   161.37           16-09-2025      
1482   18     3        68      204              06-09-2025      
1482   18     4        68      272              16-09-2025      
1482   22     5        97.75   488.75           06-09-2025      
1482   31     1        70.39   70.39            06-09-2025      
1482   44     2        90.94   181.88           16-09-2025      
1482   8284   4        43.49   173.96           16-09-2025      
1482   8406   1        92      92               06-09-2025      
1482   8406   1        92      92               16-09-2025      
1482   8454   2        91.64   183.28           16-09-2025      
1482   8680   1        60.775  60.775           06-09-2025      
1482   8815   1        101.88  101.88           06-09-2025      
1482   8988   2        76.36   152.72           06-09-2025      
1495   8412   1        127.5   127.5            25-09-2025      
1495   8467   10       333.2   3332             18-09-2025      
1783   9012   15       465.38  6980.7           23-09-2025      
2109   8891   7        72.25   505.75           06-09-2025      
5001   25     20       118.15  2363             17-09-2025      
5009   9006   100      229.5   22950            17-09-2025      
5009   9047   100      212.5   21250            17-09-2025      
5012   18     3        68      204              10-09-2025      
5012   31     1        70.39   70.39            10-09-2025      
5012   33     1        96.78   96.78            10-09-2025      
5012   8413   3        95.17   285.51           10-09-2025      
5014   18     6        68      408              17-09-2025      
5015   9006   10       229.5   2295             17-09-2025      
5039   25     20       118.15  2363             10-09-2025      
5039   25     20       118.15  2363             17-09-2025      
5039   25     30       118.15  3544.5           24-09-2025      
5050   25     20       118.15  2363             10-09-2025      
5052   8594   5        228.02  1140.1           24-09-2025      
5052   8620   10       144.5   1445             24-09-2025      
5052   9012   5        465.38  2326.9           17-09-2025      
5058   9066   3        290.03  870.09           24-09-2025      
5061   8510   10       599.15  5991.5           10-09-2025      
5070   44     10       90.94   909.4            17-09-2025      
5070   8673   10       41.34   413.4            17-09-2025      
5070   9006   10       229.5   2295             17-09-2025      
5070   9047   10       212.5   2125             17-09-2025      
5082   8633   10       79.81   798.1            17-09-2025      
5082   8974   10       119     1190             17-09-2025      
5082   9066   2        290.03  580.06           10-09-2025      
5111   8620   5        144.5   722.5            10-09-2025      
5116   9      15       850     12750            10-09-2025      
5116   8406   11       92      1012             03-09-2025      
5128   12     1        53.69   53.69            06-09-2025      
5128   19     3        85      255              06-09-2025      
5128   23     6        79.67   478.02           06-09-2025      
5128   44     1        90.94   90.94            06-09-2025      
5128   8163   1        65.21   65.21            06-09-2025      
5128   8473   1        116.14  116.14           06-09-2025      
5128   8512   1        104.55  104.55           06-09-2025      
5128   8713   1        51      51               06-09-2025      
5128   8719   2        63.75   127.5            06-09-2025      
5128   8771   3        44.84   134.52           06-09-2025      
5128   8777   1        71.2    71.2             06-09-2025      
5128   8804   14       64      896              06-09-2025      
5128   8982   3        76.5    229.5            06-09-2025      
5128   9001   1        55.25   55.25            06-09-2025      
5128   9065   2        99.45   198.9            06-09-2025      
7102   12     8        53.69   429.52           19-09-2025      
7102   31     2        70.39   140.78           19-09-2025      
7102   8473   1        116.14  116.14           19-09-2025      
7102   8474   10       125.65  1256.5           19-09-2025      
7102   8514   2        74.58   149.16           19-09-2025      
7102   8594   1        228.02  228.02           19-09-2025      
7102   8603   1        51.85   51.85            19-09-2025      
7102   9001   2        55.25   110.5            19-09-2025      
8018   11     4        53.79   215.16           04-09-2025      
8018   8406   20       92      1840             04-09-2025      
8018   8413   10       95.17   951.7            04-09-2025      
8019   50     5        170     850              11-09-2025      
8021   9066   4        290.03  1160.12          25-09-2025      
8023   9004   5        85      425              18-09-2025      
8030   25     30       118.15  3544.5           04-09-2025      
8031   9047   10       212.5   2125             04-09-2025      
8044   25     30       118.15  3544.5           11-09-2025      
8044   8594   10       228.02  2280.2           11-09-2025      
8045   19     3        85      255              04-09-2025      
8045   8988   2        76.36   152.72           04-09-2025      
8053   44     1        90.94   90.94            11-09-2025      
8053   9006   30       229.5   6885             18-09-2025      
8053   9008   1        338.64  338.64           11-09-2025      
8053   9009   7        544.68  3812.76          11-09-2025      
8056   8868   5        374     1870             04-09-2025      
8059   45     41       66.73   2735.93          25-09-2025      
8062   8975   10       34      340              25-09-2025      
8078   8815   10       101.88  1018.8           04-09-2025      
8120   16     4        255     1020             18-09-2025      
8120   8986   5        93.5    467.5            18-09-2025      
8120   9012   1        465.38  465.38           18-09-2025      
8129   8406   10       92      920              11-09-2025      
8150   25     20       118.15  2363             04-09-2025      
11000  8406   10       92      920              01-09-2025      
19167  19     17       85      1445             01-09-2025      
19167  8406   16       92      1472             01-09-2025      
19167  8407   5        127.5   637.5            01-09-2025      
19167  8457   1        61.2    61.2             01-09-2025      
19167  8534   1        102     102              01-09-2025      
19201  8510   10       599.15  5991.5           04-09-2025      
19201  9008   1        338.64  338.64           04-09-2025      
19269  8980   1        93.5    93.5             03-09-2025      
19294  8485   10       93.5    935              24-09-2025      
19294  8800   10       59.5    595              24-09-2025      
19363  25     20       118.15  2363             24-09-2025      
19400  49     20       72.25   1445             04-09-2025      
19400  49     10       72.25   722.5            18-09-2025      
19400  8664   10       63.75   637.5            04-09-2025      
19400  8664   20       63.75   1275             18-09-2025      
19490  25     25       118.15  2953.75          24-09-2025      
19490  8457   20       61.2    1224             24-09-2025      
19490  8514   20       74.58   1491.6           24-09-2025      
19490  8603   30       51.85   1555.5           24-09-2025      
19490  8974   10       119     1190             24-09-2025      
19519  3      1        324.7   324.7            17-09-2025      
19519  8901   2        187     374              17-09-2025      
19519  9001   10       55.25   552.5            17-09-2025      
19523  12     2        53.69   107.38           03-09-2025      
19523  8284   8        43.49   347.92           03-09-2025      
19523  8475   1        32.3    32.3             03-09-2025      
19523  8777   16       71.2    1139.2           03-09-2025      
19543  8868   2        374     748              24-09-2025      
19543  8980   2        93.5    187              24-09-2025      
19543  9047   2        212.5   425              24-09-2025      
19573  8603   10       51.85   518.5            20-09-2025      
19589  8680   1        60.775  60.775           16-09-2025      
19589  8815   4        101.88  407.52           27-09-2025      
19589  9001   2        55.25   110.5            27-09-2025      
19589  9039   5        56.4    282              16-09-2025      
19686  9009   1        544.68  544.68           18-09-2025      
19697  8868   2        374     748              20-09-2025      
19705  8602   5        362.34  1811.7           03-09-2025      
19725  8633   10       79.81   798.1            25-09-2025      
19755  8868   1        374     374              10-09-2025      
