30     3      1        324.7   324.7            09-08-2025      
30     8407   2        127.5   255              09-08-2025      
50     8620   2        144.5   289              02-08-2025      
722    3      1        324.7   324.7            13-08-2025      
722    8485   2        93.5    187              13-08-2025      
722    8981   1        85      85               13-08-2025      
725    8510   1        599.15  599.15           13-08-2025      
1031   25     3        118.15  354.45           23-08-2025      
1044   8620   1        144.5   144.5            02-08-2025      
1051   25     5        118.15  590.75           09-08-2025      
1051   25     3        118.15  354.45           30-08-2025      
1051   8164   1        119     119              09-08-2025      
1051   8412   1        127.5   127.5            09-08-2025      
1108   8664   1        63.75   63.75            16-08-2025      
1138   25     1        118.15  118.15           02-08-2025      
1206   8164   1        119     119              02-08-2025      
1206   8457   2        61.2    122.4            02-08-2025      
1206   8485   1        93.5    93.5             02-08-2025      
1206   8527   1        29.75   29.75            02-08-2025      
1206   8664   1        63.75   63.75            02-08-2025      
1206   8673   1        41.34   41.34            02-08-2025      
1206   8974   1        119     119              02-08-2025      
1206   8980   1        93.5    93.5             02-08-2025      
1227   8457   1        61.2    61.2             02-08-2025      
1227   8594   1        228.02  228.02           02-08-2025      
1293   8457   1        61.2    61.2             02-08-2025      
1296   8457   1        61.2    61.2             02-08-2025      
1296   8485   1        93.5    93.5             02-08-2025      
1334   8164   1        119     119              30-08-2025      
1334   8633   1        79.81   79.81            02-08-2025      
1379   25     1        118.15  118.15           02-08-2025      
1379   8164   1        119     119              02-08-2025      
1379   8406   1        92      92               02-08-2025      
1379   8514   1        74.58   74.58            02-08-2025      
1495   8412   4        127.5   510              21-08-2025      
5019   25     3        118.15  354.45           13-08-2025      
5031   25     2        118.15  236.3            06-08-2025      
5035   8510   1        599.15  599.15           13-08-2025      
5035   8602   1        362.34  362.34           13-08-2025      
5039   25     2        118.15  236.3            27-08-2025      
5044   8407   1        127.5   127.5            27-08-2025      
5044   8664   1        63.75   63.75            27-08-2025      
5051   49     1        72.25   72.25            13-08-2025      
5051   8412   1        127.5   127.5            13-08-2025      
5051   8633   1        79.81   79.81            13-08-2025      
5061   8534   2        102     204              20-08-2025      
5061   9006   1        229.5   229.5            06-08-2025      
5089   8412   1        127.5   127.5            20-08-2025      
5102   25     1        118.15  118.15           06-08-2025      
5111   8980   1        93.5    93.5             20-08-2025      
5114   8412   2        127.5   255              13-08-2025      
5114   8620   2        144.5   289              13-08-2025      
5114   8980   1        93.5    93.5             27-08-2025      
5114   8981   1        85      85               13-08-2025      
5114   8981   1        85      85               27-08-2025      
5116   25     2        118.15  236.3            27-08-2025      
5116   8407   4        127.5   510              27-08-2025      
5116   9006   1        229.5   229.5            27-08-2025      
8021   9006   1        229.5   229.5            28-08-2025      
8023   8980   1        93.5    93.5             28-08-2025      
8045   8514   1        74.58   74.58            14-08-2025      
8047   8594   2        228.02  456.04           28-08-2025      
8047   8620   2        144.5   289              28-08-2025      
8064   25     10       118.15  1181.5           14-08-2025      
8064   8980   1        93.5    93.5             28-08-2025      
8082   8594   1        228.02  228.02           14-08-2025      
8091   25     1        118.15  118.15           14-08-2025      
8091   8164   1        119     119              14-08-2025      
8091   8457   1        61.2    61.2             14-08-2025      
8091   8534   1        102     102              14-08-2025      
8096   44     1        90.94   90.94            28-08-2025      
8096   8457   1        61.2    61.2             14-08-2025      
8096   8603   1        51.85   51.85            28-08-2025      
8096   8633   1        79.81   79.81            28-08-2025      
8128   23     1        79.67   79.67            14-08-2025      
8128   8457   2        61.2    122.4            07-08-2025      
8128   8474   1        125.65  125.65           07-08-2025      
8129   25     3        118.15  354.45           28-08-2025      
8129   8594   6        228.02  1368.12          28-08-2025      
8129   8981   1        85      85               28-08-2025      
19197  25     1        118.15  118.15           02-08-2025      
19363  44     2        90.94   181.88           06-08-2025      
19363  8467   1        333.2   333.2            13-08-2025      
19363  8603   3        51.85   155.55           06-08-2025      
19413  8406   1        92      92               19-08-2025      
19413  8457   1        61.2    61.2             19-08-2025      
19413  8474   1        125.65  125.65           19-08-2025      
19413  8974   1        119     119              19-08-2025      
19413  8980   1        93.5    93.5             19-08-2025      
19589  44     1        90.94   90.94            02-08-2025      
19589  8485   1        93.5    93.5             02-08-2025      
19589  8603   1        51.85   51.85            02-08-2025      
19589  8974   1        119     119              02-08-2025      
19598  8673   1        41.34   41.34            08-08-2025      
19605  8164   1        119     119              02-08-2025      
19605  8406   1        92      92               02-08-2025      
19605  8457   1        61.2    61.2             02-08-2025      
19605  8673   2        41.34   82.68            02-08-2025      
19643  44     10       90.94   909.4            06-08-2025      
19643  49     20       72.25   1445             06-08-2025      
19643  8524   20       68      1360             06-08-2025      
19643  8633   15       79.81   1197.15          06-08-2025      
19643  8975   10       34      340              06-08-2025      
19647  8974   1        119     119              14-08-2025      
19707  44     1        90.94   90.94            02-08-2025      
19707  8457   2        61.2    122.4            02-08-2025      
19707  8527   1        29.75   29.75            02-08-2025      
19707  8633   1        79.81   79.81            02-08-2025      
19707  8664   1        63.75   63.75            02-08-2025      
19707  8974   1        119     119              02-08-2025      
