30     3      10       324.7   3247             09-08-2025      
30     8407   10       127.5   1275             09-08-2025      
50     8620   20       144.5   2890             02-08-2025      
91     8891   1        72.25   72.25            30-08-2025      
100    9009   6        544.68  3268.08          02-08-2025      
722    3      10       324.7   3247             13-08-2025      
722    8485   20       93.5    1870             13-08-2025      
722    8981   10       85      850              13-08-2025      
722    9066   5        290.03  1450.15          13-08-2025      
725    8510   10       599.15  5991.5           13-08-2025      
1001   8594   6        228.02  1368.12          02-08-2025      
1002   22     6        97.75   586.5            19-08-2025      
1002   8474   16       125.65  2010.4           02-08-2025      
1002   8474   1        125.65  125.65           06-08-2025      
1002   8980   30       93.5    2805             06-08-2025      
1002   8982   1        76.5    76.5             19-08-2025      
1002   8988   4        76.36   305.44           02-08-2025      
1002   9001   16       55.25   884              06-08-2025      
1013   18     1        68      68               23-08-2025      
1013   8327   2        91.95   183.9            23-08-2025      
1023   8407   1        127.5   127.5            09-08-2025      
1023   8457   4        61.2    244.8            09-08-2025      
1023   8633   2        79.81   159.62           09-08-2025      
1026   8687   1        62.05   62.05            30-08-2025      
1031   25     30       118.15  3544.5           23-08-2025      
1034   8406   1        92      92               18-08-2025      
1034   8473   2        116.14  232.28           26-08-2025      
1040   18     2        68      136              30-08-2025      
1040   8407   6        127.5   765              16-08-2025      
1040   8454   3        91.64   274.92           30-08-2025      
1044   8620   10       144.5   1445             02-08-2025      
1046   3      1        324.7   324.7            30-08-2025      
1046   25     3        118.15  354.45           30-08-2025      
1046   8412   4        127.5   510              30-08-2025      
1046   8467   1        333.2   333.2            30-08-2025      
1046   8594   1        228.02  228.02           30-08-2025      
1046   8620   1        144.5   144.5            30-08-2025      
1046   8974   1        119     119              30-08-2025      
1046   8986   2        93.5    187              30-08-2025      
1046   9001   1        55.25   55.25            30-08-2025      
1051   25     50       118.15  5907.5           09-08-2025      
1051   25     30       118.15  3544.5           30-08-2025      
1051   8164   10       119     1190             09-08-2025      
1051   8412   10       127.5   1275             09-08-2025      
1052   30     1        170     170              09-08-2025      
1052   8869   1        56.1    56.1             23-08-2025      
1074   8473   5        116.14  580.7            30-08-2025      
1101   9001   5        55.25   276.25           16-08-2025      
1108   8664   10       63.75   637.5            16-08-2025      
1136   9039   1        56.4    56.4             09-08-2025      
1138   3      2        324.7   649.4            02-08-2025      
1138   25     10       118.15  1181.5           02-08-2025      
1206   16     1        255     255              02-08-2025      
1206   44     5        90.94   454.7            02-08-2025      
1206   50     10       170     1700             02-08-2025      
1206   8164   10       119     1190             02-08-2025      
1206   8406   3        92      276              02-08-2025      
1206   8407   3        127.5   382.5            02-08-2025      
1206   8413   5        95.17   475.85           02-08-2025      
1206   8457   20       61.2    1224             02-08-2025      
1206   8474   5        125.65  628.25           02-08-2025      
1206   8485   10       93.5    935              02-08-2025      
1206   8514   5        74.58   372.9            02-08-2025      
1206   8527   10       29.75   297.5            02-08-2025      
1206   8534   5        102     510              02-08-2025      
1206   8594   3        228.02  684.06           02-08-2025      
1206   8603   10       51.85   518.5            02-08-2025      
1206   8605   10       74.35   743.5            02-08-2025      
1206   8633   5        79.81   399.05           02-08-2025      
1206   8664   10       63.75   637.5            02-08-2025      
1206   8673   10       41.34   413.4            02-08-2025      
1206   8901   5        187     935              02-08-2025      
1206   8974   10       119     1190             02-08-2025      
1206   8980   10       93.5    935              02-08-2025      
1206   9001   5        55.25   276.25           02-08-2025      
1206   9012   3        465.38  1396.14          02-08-2025      
1206   9044   1        442.59  442.59           02-08-2025      
1227   3      2        324.7   649.4            02-08-2025      
1227   8406   6        92      552              02-08-2025      
1227   8457   10       61.2    612              02-08-2025      
1227   8594   6        228.02  1368.12          02-08-2025      
1232   8474   2        125.65  251.3            02-08-2025      
1232   8974   5        119     595              02-08-2025      
1277   8284   7        43.49   304.43           23-08-2025      
1293   3      3        324.7   974.1            02-08-2025      
1293   8457   10       61.2    612              02-08-2025      
1296   3      1        324.7   324.7            02-08-2025      
1296   8407   2        127.5   255              02-08-2025      
1296   8457   10       61.2    612              02-08-2025      
1296   8485   10       93.5    935              02-08-2025      
1296   8514   2        74.58   149.16           02-08-2025      
1296   8524   1        68      68               02-08-2025      
1296   8603   4        51.85   207.4            02-08-2025      
1321   8406   2        92      184              02-08-2025      
1321   8457   4        61.2    244.8            02-08-2025      
1329   19     2        85      170              26-08-2025      
1334   8164   10       119     1190             30-08-2025      
1334   8534   10       102     1020             30-08-2025      
1334   8594   5        228.02  1140.1           30-08-2025      
1334   8633   10       79.81   798.1            02-08-2025      
1334   9001   15       55.25   828.75           02-08-2025      
1334   9012   1        465.38  465.38           30-08-2025      
1357   8162   1        282.2   282.2            27-08-2025      
1357   9008   1        338.64  338.64           27-08-2025      
1357   9009   1        544.68  544.68           27-08-2025      
1379   3      2        324.7   649.4            02-08-2025      
1379   25     10       118.15  1181.5           02-08-2025      
1379   8164   10       119     1190             02-08-2025      
1379   8406   10       92      920              02-08-2025      
1379   8407   2        127.5   255              02-08-2025      
1379   8514   10       74.58   745.8            02-08-2025      
1395   8831   2        73.1    146.2            09-08-2025      
1406   8594   2        228.02  456.04           02-08-2025      
1406   8620   4        144.5   578              02-08-2025      
1406   8986   2        93.5    187              02-08-2025      
1406   9006   2        229.5   459              02-08-2025      
1406   9047   2        212.5   425              02-08-2025      
1453   8514   1        74.58   74.58            23-08-2025      
1454   34     1        76.5    76.5             18-08-2025      
1458   23     9        79.67   717.03           02-08-2025      
1495   8412   20       127.5   2550             21-08-2025      
2002   8406   2        92      184              02-08-2025      
2096   8407   4        127.5   510              16-08-2025      
2132   8162   1        282.2   282.2            02-08-2025      
2132   9010   3        70.49   211.47           02-08-2025      
5005   8633   5        79.81   399.05           06-08-2025      
5019   25     10       118.15  1181.5           13-08-2025      
5031   25     20       118.15  2363             06-08-2025      
5035   8510   10       599.15  5991.5           13-08-2025      
5035   8602   10       362.34  3623.4           13-08-2025      
5039   25     20       118.15  2363             27-08-2025      
5044   8407   5        127.5   637.5            27-08-2025      
5044   8664   10       63.75   637.5            27-08-2025      
5051   3      2        324.7   649.4            13-08-2025      
5051   16     1        255     255              13-08-2025      
5051   49     5        72.25   361.25           13-08-2025      
5051   8412   5        127.5   637.5            13-08-2025      
5051   8467   2        333.2   666.4            13-08-2025      
5051   8633   10       79.81   798.1            13-08-2025      
5051   8901   1        187     187              13-08-2025      
5061   8534   20       102     2040             20-08-2025      
5061   9006   10       229.5   2295             06-08-2025      
5089   8412   5        127.5   637.5            20-08-2025      
5102   25     10       118.15  1181.5           06-08-2025      
5106   23     2        79.67   159.34           27-08-2025      
5106   34     2        76.5    153              27-08-2025      
5106   8406   9        92      828              27-08-2025      
5106   8815   7        101.88  713.16           27-08-2025      
5111   8980   10       93.5    935              20-08-2025      
5114   8412   10       127.5   1275             13-08-2025      
5114   8524   3        68      204              13-08-2025      
5114   8620   10       144.5   1445             13-08-2025      
5114   8980   10       93.5    935              27-08-2025      
5114   8981   10       85      850              13-08-2025      
5114   8981   10       85      850              27-08-2025      
5116   25     20       118.15  2363             27-08-2025      
5116   8407   20       127.5   2550             27-08-2025      
5116   9006   10       229.5   2295             27-08-2025      
5123   19     2        85      170              20-08-2025      
5123   8413   1        95.17   95.17            20-08-2025      
5123   8474   1        125.65  125.65           20-08-2025      
5123   8815   1        101.88  101.88           20-08-2025      
5123   8818   2        44.44   88.88            20-08-2025      
5123   8891   7        72.25   505.75           20-08-2025      
5130   9      2        850     1700             06-08-2025      
7117   8163   1        65.21   65.21            12-08-2025      
8021   9006   10       229.5   2295             28-08-2025      
8023   8980   10       93.5    935              28-08-2025      
8026   31     2        70.39   140.78           28-08-2025      
8026   9012   1        465.38  465.38           28-08-2025      
8030   8869   6        56.1    336.6            14-08-2025      
8043   8406   9        92      828              07-08-2025      
8043   8407   4        127.5   510              07-08-2025      
8043   8473   2        116.14  232.28           07-08-2025      
8043   8884   2        102     204              07-08-2025      
8045   8413   1        95.17   95.17            14-08-2025      
8045   8457   1        61.2    61.2             14-08-2025      
8045   8474   8        125.65  1005.2           14-08-2025      
8045   8514   11       74.58   820.38           14-08-2025      
8045   8633   1        79.81   79.81            14-08-2025      
8045   8815   5        101.88  509.4            14-08-2025      
8047   8594   10       228.02  2280.2           28-08-2025      
8047   8620   10       144.5   1445             28-08-2025      
8059   50     48       170     8160             07-08-2025      
8064   25     36       118.15  4253.4           14-08-2025      
8064   8980   16       93.5    1496             28-08-2025      
8082   8594   5        228.02  1140.1           14-08-2025      
8091   25     10       118.15  1181.5           14-08-2025      
8091   8164   10       119     1190             14-08-2025      
8091   8457   10       61.2    612              14-08-2025      
8091   8534   10       102     1020             14-08-2025      
8093   50     3        170     510              14-08-2025      
8096   44     10       90.94   909.4            28-08-2025      
8096   8457   10       61.2    612              14-08-2025      
8096   8603   10       51.85   518.5            14-08-2025      
8096   8603   15       51.85   777.75           28-08-2025      
8096   8605   5        74.35   371.75           28-08-2025      
8096   8633   10       79.81   798.1            28-08-2025      
8096   8664   1        63.75   63.75            14-08-2025      
8110   8594   2        228.02  456.04           14-08-2025      
8110   8901   1        187     187              14-08-2025      
8111   9006   5        229.5   1147.5           21-08-2025      
8128   3      2        324.7   649.4            07-08-2025      
8128   23     10       79.67   796.7            14-08-2025      
8128   8457   20       61.2    1224             07-08-2025      
8128   8467   1        333.2   333.2            07-08-2025      
8128   8474   10       125.65  1256.5           07-08-2025      
8128   8485   5        93.5    467.5            07-08-2025      
8128   8901   1        187     187              07-08-2025      
8129   25     14       118.15  1654.1           28-08-2025      
8129   44     7        90.94   636.58           28-08-2025      
8129   8594   30       228.02  6840.6           28-08-2025      
8129   8981   10       85      850              28-08-2025      
19197  3      3        324.7   974.1            02-08-2025      
19197  25     6        118.15  708.9            02-08-2025      
19197  8457   6        61.2    367.2            02-08-2025      
19197  8485   4        93.5    374              02-08-2025      
19295  3      2        324.7   649.4            02-08-2025      
19295  8164   1        119     119              23-08-2025      
19295  8407   2        127.5   255              02-08-2025      
19295  8407   1        127.5   127.5            23-08-2025      
19295  8594   5        228.02  1140.1           23-08-2025      
19295  8605   3        74.35   223.05           02-08-2025      
19295  8620   2        144.5   289              02-08-2025      
19295  8620   2        144.5   289              23-08-2025      
19295  8975   1        34      34               02-08-2025      
19295  9012   1        465.38  465.38           02-08-2025      
19363  44     20       90.94   1818.8           06-08-2025      
19363  8467   5        333.2   1666             06-08-2025      
19363  8467   10       333.2   3332             13-08-2025      
19363  8603   15       51.85   777.75           06-08-2025      
19372  8473   5        116.14  580.7            19-08-2025      
19372  8628   6        22.576  135.456          19-08-2025      
19372  8719   1        63.75   63.75            19-08-2025      
19372  8801   2        38.361  76.722           19-08-2025      
19400  8407   1        127.5   127.5            21-08-2025      
19400  8457   1        61.2    61.2             21-08-2025      
19400  8524   1        68      68               21-08-2025      
19400  8605   1        74.35   74.35            21-08-2025      
19400  8877   1        195.5   195.5            21-08-2025      
19400  9009   4        544.68  2178.72          21-08-2025      
19413  44     5        90.94   454.7            19-08-2025      
19413  8406   10       92      920              19-08-2025      
19413  8407   3        127.5   382.5            19-08-2025      
19413  8457   10       61.2    612              19-08-2025      
19413  8474   10       125.65  1256.5           19-08-2025      
19413  8510   2        599.15  1198.3           19-08-2025      
19413  8603   5        51.85   259.25           19-08-2025      
19413  8605   5        74.35   371.75           19-08-2025      
19413  8633   6        79.81   478.86           19-08-2025      
19413  8901   2        187     374              19-08-2025      
19413  8974   10       119     1190             19-08-2025      
19413  8980   10       93.5    935              19-08-2025      
19413  9012   1        465.38  465.38           19-08-2025      
19477  8406   5        92      460              08-08-2025      
19477  8457   3        61.2    183.6            08-08-2025      
19477  8527   2        29.75   59.5             08-08-2025      
19477  8534   4        102     408              08-08-2025      
19477  8633   4        79.81   319.24           08-08-2025      
19477  8673   2        41.34   82.68            08-08-2025      
19537  3      4        324.7   1298.8           02-08-2025      
19537  8620   4        144.5   578              02-08-2025      
19572  8467   1        333.2   333.2            14-08-2025      
19572  8673   4        41.34   165.36           14-08-2025      
19572  8974   2        119     238              14-08-2025      
19572  9001   3        55.25   165.75           14-08-2025      
19574  18     1        68      68               27-08-2025      
19574  8474   2        125.65  251.3            27-08-2025      
19574  9065   2        99.45   198.9            27-08-2025      
19578  9001   3        55.25   165.75           28-08-2025      
19589  44     10       90.94   909.4            02-08-2025      
19589  8485   10       93.5    935              02-08-2025      
19589  8603   15       51.85   777.75           02-08-2025      
19589  8620   3        144.5   433.5            02-08-2025      
19589  8796   5        85      425              02-08-2025      
19589  8974   10       119     1190             02-08-2025      
19598  25     5        118.15  590.75           08-08-2025      
19598  49     5        72.25   361.25           08-08-2025      
19598  8406   5        92      460              08-08-2025      
19598  8412   3        127.5   382.5            08-08-2025      
19598  8534   5        102     510              08-08-2025      
19598  8594   2        228.02  456.04           08-08-2025      
19598  8633   5        79.81   399.05           08-08-2025      
19598  8673   10       41.34   413.4            08-08-2025      
19598  8974   5        119     595              08-08-2025      
19605  3      2        324.7   649.4            02-08-2025      
19605  16     4        255     1020             02-08-2025      
19605  8164   10       119     1190             02-08-2025      
19605  8406   10       92      920              02-08-2025      
19605  8457   10       61.2    612              02-08-2025      
19605  8605   10       74.35   743.5            02-08-2025      
19605  8620   4        144.5   578              02-08-2025      
19605  8673   20       41.34   826.8            02-08-2025      
19605  8974   5        119     595              02-08-2025      
19605  9006   2        229.5   459              02-08-2025      
19643  16     20       255     5100             06-08-2025      
19643  44     100      90.94   9094             06-08-2025      
19643  49     100      72.25   7225             06-08-2025      
19643  8524   100      68      6800             06-08-2025      
19643  8633   100      79.81   7981             06-08-2025      
19643  8975   100      34      3400             06-08-2025      
19647  8974   10       119     1190             14-08-2025      
19686  8467   2        333.2   666.4            05-08-2025      
19688  9038   2        45.6    91.2             26-08-2025      
19707  44     10       90.94   909.4            02-08-2025      
19707  8457   20       61.2    1224             02-08-2025      
19707  8510   1        599.15  599.15           02-08-2025      
19707  8527   10       29.75   297.5            02-08-2025      
19707  8602   1        362.34  362.34           02-08-2025      
19707  8603   10       51.85   518.5            02-08-2025      
19707  8605   10       74.35   743.5            02-08-2025      
19707  8633   10       79.81   798.1            02-08-2025      
19707  8664   10       63.75   637.5            02-08-2025      
19707  8974   10       119     1190             02-08-2025      
19708  8407   1        127.5   127.5            16-08-2025      
