721    8514   10       74.58   745.8            11-06-2025      
722    25     100      118.15  11815            26-06-2025      
722    8457   100      61.2    6120             26-06-2025      
722    8510   20       599.15  11983            26-06-2025      
722    8516   3        303.45  910.35           26-06-2025      
722    9004   1        85      85               26-06-2025      
722    9009   2        544.68  1089.36          26-06-2025      
722    9044   10       442.59  4425.9           10-06-2025      
725    8615   40       49.73   1989.2           04-06-2025      
1031   18     4        68      272              12-06-2025      
1031   44     6        90.94   545.64           12-06-2025      
1031   45     1        66.73   66.73            12-06-2025      
1031   8406   3        92      276              12-06-2025      
1031   8511   7        38.64   270.48           12-06-2025      
1031   8891   3        72.25   216.75           12-06-2025      
1032   50     6        170     1020             12-06-2025      
1032   8413   5        95.17   475.85           12-06-2025      
1032   9065   8        99.45   795.6            12-06-2025      
1045   8982   1        76.5    76.5             14-06-2025      
1046   25     10       118.15  1181.5           14-06-2025      
1049   8815   14       101.88  1426.32          28-06-2025      
1083   22     1        97.75   97.75            19-06-2025      
1084   8407   3        127.5   382.5            28-06-2025      
1085   25     10       118.15  1181.5           14-06-2025      
1138   8868   1        374     374              21-06-2025      
1200   19     1        85      85               17-06-2025      
1200   30     2        170     340              17-06-2025      
1200   8407   2        127.5   255              17-06-2025      
1200   8413   6        95.17   571.02           17-06-2025      
1200   8449   3        79.77   239.31           17-06-2025      
1200   8891   1        72.25   72.25            17-06-2025      
1227   8413   3        95.17   285.51           19-06-2025      
1258   8413   2        95.17   190.34           28-06-2025      
1258   8815   2        101.88  203.76           28-06-2025      
1258   9001   2        55.25   110.5            28-06-2025      
1395   8284   2        43.49   86.98            26-06-2025      
1395   9001   12       55.25   663              26-06-2025      
1450   30     1        170     170              21-06-2025      
1450   8815   1        101.88  101.88           21-06-2025      
1454   30     1        170     170              17-06-2025      
1466   8603   30       51.85   1555.5           19-06-2025      
1480   25     10       118.15  1181.5           11-06-2025      
1495   8534   40       102     4080             27-06-2025      
1495   9044   2        442.59  885.18           27-06-2025      
2145   22     6        97.75   586.5            17-06-2025      
2145   8607   4        55.25   221              17-06-2025      
2145   8713   2        51      102              17-06-2025      
2145   8869   10       56.1    561              17-06-2025      
2145   8982   1        76.5    76.5             17-06-2025      
5008   8664   1        63.75   63.75            18-06-2025      
5009   8467   10       333.2   3332             26-06-2025      
5009   8510   10       599.15  5991.5           26-06-2025      
5009   8620   10       144.5   1445             26-06-2025      
5009   8664   20       63.75   1275             26-06-2025      
5009   8974   10       119     1190             26-06-2025      
5009   8980   20       93.5    1870             26-06-2025      
5009   9006   10       229.5   2295             26-06-2025      
5015   8406   10       92      920              26-06-2025      
5015   8407   5        127.5   637.5            26-06-2025      
5015   8412   5        127.5   637.5            04-06-2025      
5015   9006   10       229.5   2295             18-06-2025      
5032   8399   5        114.75  573.75           04-06-2025      
5039   8399   10       114.75  1147.5           04-06-2025      
5079   8407   10       127.5   1275             18-06-2025      
5116   8664   1        63.75   63.75            04-06-2025      
5121   9006   10       229.5   2295             18-06-2025      
5123   8602   5        362.34  1811.7           18-06-2025      
5133   8406   10       92      920              26-06-2025      
6062   9006   5        229.5   1147.5           18-06-2025      
6062   9047   5        212.5   1062.5           18-06-2025      
8004   8594   15       228.02  3420.3           05-06-2025      
8015   9001   10       55.25   552.5            12-06-2025      
8019   3      4        324.7   1298.8           05-06-2025      
8023   8457   10       61.2    612              27-06-2025      
8023   8673   10       41.34   413.4            27-06-2025      
8027   8474   10       125.65  1256.5           12-06-2025      
8034   7      1        399.5   399.5            12-06-2025      
8034   8406   8        92      736              12-06-2025      
8034   8596   1        276.25  276.25           12-06-2025      
8034   8831   3        73.1    219.3            12-06-2025      
8046   25     10       118.15  1181.5           27-06-2025      
8053   44     200      90.94   18188            18-06-2025      
8053   8510   20       599.15  11983            27-06-2025      
8058   33     2        96.78   193.56           19-06-2025      
8058   8413   1        95.17   95.17            19-06-2025      
8058   8680   3        60.775  182.325          19-06-2025      
8058   8815   5        101.88  509.4            19-06-2025      
8058   8891   3        72.25   216.75           19-06-2025      
8058   8980   9        93.5    841.5            19-06-2025      
8058   9039   3        56.4    169.2            19-06-2025      
8063   44     10       90.94   909.4            27-06-2025      
8063   8974   10       119     1190             27-06-2025      
8065   23     2        79.67   159.34           12-06-2025      
8098   25     15       118.15  1772.25          27-06-2025      
8098   8457   50       61.2    3060             27-06-2025      
8098   8467   6        333.2   1999.2           27-06-2025      
8098   8605   20       74.35   1487             27-06-2025      
8098   8673   20       41.34   826.8            27-06-2025      
8098   9004   5        85      425              27-06-2025      
8120   8603   10       51.85   518.5            19-06-2025      
8128   50     5        170     850              05-06-2025      
8129   8901   10       187     1870             05-06-2025      
8138   50     10       170     1700             27-06-2025      
8138   8602   1        362.34  362.34           27-06-2025      
8138   9066   1        290.03  290.03           27-06-2025      
8150   8514   1        74.58   74.58            27-06-2025      
8150   8891   2        72.25   144.5            27-06-2025      
19109  9044   1        442.59  442.59           04-06-2025      
19246  8485   1        93.5    93.5             11-06-2025      
19246  8603   1        51.85   51.85            11-06-2025      
19246  8620   1        144.5   144.5            11-06-2025      
19247  49     5        72.25   361.25           26-06-2025      
19247  8407   5        127.5   637.5            26-06-2025      
19247  8467   1        333.2   333.2            26-06-2025      
19286  22     1        97.75   97.75            17-06-2025      
19286  8474   2        125.65  251.3            17-06-2025      
19513  33     3        96.78   290.34           23-06-2025      
19523  8412   10       127.5   1275             04-06-2025      
19538  8516   1        303.45  303.45           19-06-2025      
19585  8514   5        74.58   372.9            05-06-2025      
19585  8514   4        74.58   298.32           12-06-2025      
19585  8534   5        102     510              05-06-2025      
19585  8594   3        228.02  684.06           05-06-2025      
19585  8594   2        228.02  456.04           12-06-2025      
19585  8901   2        187     374              12-06-2025      
19585  8974   10       119     1190             05-06-2025      
19589  8412   10       127.5   1275             05-06-2025      
19628  23     2        79.67   159.34           05-06-2025      
19668  3      10       324.7   3247             05-06-2025      
19668  50     10       170     1700             05-06-2025      
19668  8467   10       333.2   3332             05-06-2025      
19668  8514   20       74.58   1491.6           05-06-2025      
19668  8664   10       63.75   637.5            05-06-2025      
19668  8901   10       187     1870             05-06-2025      
19668  8981   10       85      850              05-06-2025      
19668  9004   10       85      850              05-06-2025      
19672  8164   2        119     238              05-06-2025      
19672  8485   3        93.5    280.5            05-06-2025      
19672  8664   3        63.75   191.25           05-06-2025      
19672  8796   3        85      255              05-06-2025      
19672  8974   1        119     119              05-06-2025      
19714  8901   20       187     3740             04-06-2025      
19726  8974   10       119     1190             27-06-2025      
19746  8407   3        127.5   382.5            03-06-2025      
