721    8514   1        74.58   74.58            11-06-2025      
722    25     30       118.15  3544.5           26-06-2025      
722    8457   15       61.2    918              26-06-2025      
722    8510   3        599.15  1797.45          26-06-2025      
725    8615   8        49.73   397.84           04-06-2025      
1046   25     1        118.15  118.15           14-06-2025      
1085   25     1        118.15  118.15           14-06-2025      
1466   8603   2        51.85   103.7            19-06-2025      
1480   25     1        118.15  118.15           11-06-2025      
1495   8534   8        102     816              27-06-2025      
2145   8869   1        56.1    56.1             17-06-2025      
5009   8467   1        333.2   333.2            26-06-2025      
5009   8510   1        599.15  599.15           26-06-2025      
5009   8620   2        144.5   289              26-06-2025      
5009   8664   2        63.75   127.5            26-06-2025      
5009   8974   1        119     119              26-06-2025      
5009   8980   2        93.5    187              26-06-2025      
5009   9006   1        229.5   229.5            26-06-2025      
5015   8406   1        92      92               26-06-2025      
5015   8407   1        127.5   127.5            26-06-2025      
5015   8412   1        127.5   127.5            04-06-2025      
5015   9006   1        229.5   229.5            18-06-2025      
5079   8407   1        127.5   127.5            18-06-2025      
5121   9006   1        229.5   229.5            18-06-2025      
5133   8406   1        92      92               26-06-2025      
8004   8594   3        228.02  684.06           05-06-2025      
8015   9001   1        55.25   55.25            12-06-2025      
8023   8457   1        61.2    61.2             27-06-2025      
8023   8673   1        41.34   41.34            27-06-2025      
8027   8474   1        125.65  125.65           12-06-2025      
8046   25     2        118.15  236.3            27-06-2025      
8053   44     20       90.94   1818.8           18-06-2025      
8053   8510   3        599.15  1797.45          27-06-2025      
8063   44     1        90.94   90.94            27-06-2025      
8063   8974   1        119     119              27-06-2025      
8098   25     3        118.15  354.45           27-06-2025      
8098   8457   7        61.2    428.4            27-06-2025      
8098   8605   1        74.35   74.35            27-06-2025      
8098   8673   2        41.34   82.68            27-06-2025      
8129   8901   1        187     187              05-06-2025      
19247  49     1        72.25   72.25            26-06-2025      
19247  8407   1        127.5   127.5            26-06-2025      
19523  8412   2        127.5   255              04-06-2025      
19585  8974   1        119     119              05-06-2025      
19589  8412   1        127.5   127.5            05-06-2025      
19668  3      1        324.7   324.7            05-06-2025      
19668  8467   1        333.2   333.2            05-06-2025      
19668  8514   2        74.58   149.16           05-06-2025      
19668  8664   1        63.75   63.75            05-06-2025      
19668  8901   1        187     187              05-06-2025      
19668  8981   1        85      85               05-06-2025      
19668  9004   1        85      85               05-06-2025      
19714  8901   2        187     374              04-06-2025      
19726  8974   1        119     119              27-06-2025      
