30     8678   1        59.5    59.5             26-07-2025      
90     8449   8        79.77   638.16           19-07-2025      
90     8633   10       79.81   798.1            19-07-2025      
721    25     10       118.15  1181.5           23-07-2025      
722    25     20       118.15  2363             09-07-2025      
722    44     20       90.94   1818.8           09-07-2025      
722    8457   20       61.2    1224             09-07-2025      
722    8602   10       362.34  3623.4           16-07-2025      
722    8633   20       79.81   1596.2           09-07-2025      
722    8673   20       41.34   826.8            09-07-2025      
722    8800   10       59.5    595              09-07-2025      
725    9004   21       85      1785             02-07-2025      
1001   8474   7        125.65  879.55           12-07-2025      
1001   8988   4        76.36   305.44           12-07-2025      
1008   9001   6        55.25   331.5            05-07-2025      
1021   9001   4        55.25   221              12-07-2025      
1034   8891   2        72.25   144.5            05-07-2025      
1046   8406   1        92      92               05-07-2025      
1046   9012   2        465.38  930.76           05-07-2025      
1060   8815   9        101.88  916.92           05-07-2025      
1079   8988   1        76.36   76.36            12-07-2025      
1088   46     7        85      595              15-07-2025      
1088   8620   10       144.5   1445             15-07-2025      
1088   9006   6        229.5   1377             15-07-2025      
1088   9047   5        212.5   1062.5           15-07-2025      
1101   8407   1        127.5   127.5            19-07-2025      
1111   18     2        68      136              12-07-2025      
1111   42     1        57.21   57.21            05-07-2025      
1111   8327   2        91.95   183.9            12-07-2025      
1111   8474   4        125.65  502.6            12-07-2025      
1111   8604   1        40.28   40.28            05-07-2025      
1111   8869   3        56.1    168.3            05-07-2025      
1111   8891   1        72.25   72.25            12-07-2025      
1124   18     4        68      272              19-07-2025      
1124   8982   3        76.5    229.5            19-07-2025      
1133   8901   2        187     374              12-07-2025      
1149   8406   1        92      92               05-07-2025      
1149   8869   1        56.1    56.1             05-07-2025      
1149   9001   1        55.25   55.25            05-07-2025      
1184   8891   2        72.25   144.5            21-07-2025      
1232   8284   4        43.49   173.96           05-07-2025      
1277   8633   4        79.81   319.24           19-07-2025      
1282   11     8        53.79   430.32           19-07-2025      
1282   8449   2        79.77   159.54           19-07-2025      
1282   8891   3        72.25   216.75           19-07-2025      
1296   33     6        96.78   580.68           05-07-2025      
1296   8407   3        127.5   382.5            05-07-2025      
1296   8891   4        72.25   289              05-07-2025      
1296   9001   1        55.25   55.25            05-07-2025      
1316   19     1        85      85               12-07-2025      
1316   25     7        118.15  827.05           12-07-2025      
1316   8457   10       61.2    612              12-07-2025      
1316   8485   2        93.5    187              12-07-2025      
1316   8603   2        51.85   103.7            12-07-2025      
1316   8620   3        144.5   433.5            12-07-2025      
1316   8974   3        119     357              12-07-2025      
1316   8986   3        93.5    280.5            12-07-2025      
1321   19     6        85      510              16-07-2025      
1321   31     1        70.39   70.39            16-07-2025      
1321   8406   3        92      276              16-07-2025      
1321   8778   1        46.42   46.42            16-07-2025      
1321   8869   1        56.1    56.1             16-07-2025      
1322   9044   60       442.59  26555.4          21-07-2025      
1334   34     26       76.5    1989             16-07-2025      
1362   8510   1        599.15  599.15           05-07-2025      
1362   8868   1        374     374              05-07-2025      
1362   9009   3        544.68  1634.04          05-07-2025      
1431   8284   5        43.49   217.45           19-07-2025      
1454   33     3        96.78   290.34           19-07-2025      
1454   8163   2        65.21   130.42           08-07-2025      
1466   8510   1        599.15  599.15           10-07-2025      
1466   8594   5        228.02  1140.1           24-07-2025      
1466   9006   5        229.5   1147.5           17-07-2025      
1495   8510   10       599.15  5991.5           24-07-2025      
5006   42     4        57.21   228.84           16-07-2025      
5006   8867   20       52.36   1047.2           16-07-2025      
5026   8457   30       61.2    1836             23-07-2025      
5048   50     50       170     8500             30-07-2025      
5052   8633   10       79.81   798.1            23-07-2025      
5052   8868   5        374     1870             23-07-2025      
5052   9001   10       55.25   552.5            23-07-2025      
5071   9008   10       338.64  3386.4           23-07-2025      
5071   9009   3        544.68  1634.04          23-07-2025      
5082   8868   1        374     374              23-07-2025      
5083   41     2        72.74   145.48           23-07-2025      
5103   8457   1        61.2    61.2             02-07-2025      
5123   25     10       118.15  1181.5           16-07-2025      
5123   8602   3        362.34  1087.02          16-07-2025      
5130   3      10       324.7   3247             30-07-2025      
5130   8527   10       29.75   297.5            30-07-2025      
5130   8664   10       63.75   637.5            30-07-2025      
5130   9066   10       290.03  2900.3           30-07-2025      
5153   8594   30       228.02  6840.6           09-07-2025      
6062   25     50       118.15  5907.5           02-07-2025      
6142   8449   2        79.77   159.54           12-07-2025      
6142   9038   3        45.6    136.8            12-07-2025      
8002   8628   10       22.576  225.76           31-07-2025      
8006   25     40       118.15  4726             17-07-2025      
8006   44     10       90.94   909.4            17-07-2025      
8006   50     10       170     1700             17-07-2025      
8018   25     20       118.15  2363             17-07-2025      
8022   25     10       118.15  1181.5           31-07-2025      
8026   8485   1        93.5    93.5             17-07-2025      
8026   8815   3        101.88  305.64           17-07-2025      
8026   9008   1        338.64  338.64           17-07-2025      
8043   8467   2        333.2   666.4            31-07-2025      
8043   8974   10       119     1190             31-07-2025      
8043   9066   1        290.03  290.03           31-07-2025      
8045   8485   20       93.5    1870             10-07-2025      
8045   8514   10       74.58   745.8            10-07-2025      
8045   9001   30       55.25   1657.5           10-07-2025      
8053   3      10       324.7   3247             24-07-2025      
8053   8407   10       127.5   1275             24-07-2025      
8053   8457   200      61.2    12240            24-07-2025      
8053   8594   20       228.02  4560.4           24-07-2025      
8053   8603   105      51.85   5444.25          24-07-2025      
8053   8605   20       74.35   1487             24-07-2025      
8053   8620   100      144.5   14450            24-07-2025      
8053   8633   100      79.81   7981             24-07-2025      
8053   8974   100      119     11900            24-07-2025      
8053   8975   40       34      1360             24-07-2025      
8053   9006   20       229.5   4590             24-07-2025      
8053   9012   20       465.38  9307.6           24-07-2025      
8053   9066   30       290.03  8700.9           24-07-2025      
8059   25     40       118.15  4726             10-07-2025      
8059   8981   10       85      850              17-07-2025      
8062   44     6        90.94   545.64           03-07-2025      
8064   25     10       118.15  1181.5           17-07-2025      
8065   23     40       79.67   3186.8           24-07-2025      
8098   3      2        324.7   649.4            10-07-2025      
8098   7      1        399.5   399.5            10-07-2025      
8098   27     3        68      204              10-07-2025      
8098   57     2        174.85  349.7            10-07-2025      
8098   8406   5        92      460              10-07-2025      
8098   8413   14       95.17   1332.38          10-07-2025      
8098   8457   4        61.2    244.8            10-07-2025      
8098   8633   16       79.81   1276.96          10-07-2025      
8098   8855   3        76.5    229.5            10-07-2025      
8110   25     10       118.15  1181.5           10-07-2025      
8110   8485   1        93.5    93.5             10-07-2025      
8111   23     10       79.67   796.7            17-07-2025      
8127   25     20       118.15  2363             31-07-2025      
8127   8620   5        144.5   722.5            10-07-2025      
8129   9012   10       465.38  4653.8           17-07-2025      
11000  8164   10       119     1190             17-07-2025      
19097  8164   10       119     1190             17-07-2025      
19112  8868   5        374     1870             02-07-2025      
19346  8406   2        92      184              10-07-2025      
19372  8454   3        91.64   274.92           05-07-2025      
19372  8869   7        56.1    392.7            05-07-2025      
19389  8603   1        51.85   51.85            09-07-2025      
19389  9009   3        544.68  1634.04          09-07-2025      
19400  44     20       90.94   1818.8           10-07-2025      
19400  8980   10       93.5    935              10-07-2025      
19427  8510   1        599.15  599.15           31-07-2025      
19428  23     13       79.67   1035.71          09-07-2025      
19524  44     5        90.94   454.7            24-07-2025      
19524  8407   2        127.5   255              24-07-2025      
19524  8457   10       61.2    612              24-07-2025      
19524  8594   5        228.02  1140.1           24-07-2025      
19524  8605   5        74.35   371.75           24-07-2025      
19524  8633   5        79.81   399.05           24-07-2025      
19524  8974   10       119     1190             24-07-2025      
19524  9006   1        229.5   229.5            24-07-2025      
19524  9047   1        212.5   212.5            24-07-2025      
19561  22     4        97.75   391              05-07-2025      
19585  44     10       90.94   909.4            24-07-2025      
19585  8457   5        61.2    306              24-07-2025      
19585  8467   1        333.2   333.2            24-07-2025      
19585  8514   10       74.58   745.8            24-07-2025      
19585  8594   5        228.02  1140.1           24-07-2025      
19585  8620   5        144.5   722.5            24-07-2025      
19585  8633   5        79.81   399.05           24-07-2025      
19585  8901   2        187     374              24-07-2025      
19585  8974   9        119     1071             24-07-2025      
19585  9006   5        229.5   1147.5           24-07-2025      
19644  8474   9        125.65  1130.85          05-07-2025      
19644  8982   1        76.5    76.5             05-07-2025      
19646  8980   5        93.5    467.5            16-07-2025      
19675  8473   4        116.14  464.56           12-07-2025      
19675  8891   1        72.25   72.25            12-07-2025      
19688  8413   1        95.17   95.17            19-07-2025      
19708  18     2        68      136              05-07-2025      
19708  8327   8        91.95   735.6            05-07-2025      
19708  8407   1        127.5   127.5            05-07-2025      
19708  9001   3        55.25   165.75           05-07-2025      
19719  19     1        85      85               16-07-2025      
19719  23     7        79.67   557.69           16-07-2025      
19719  8595   1        55.25   55.25            16-07-2025      
19719  8869   3        56.1    168.3            16-07-2025      
19726  3      2        324.7   649.4            24-07-2025      
19726  8467   1        333.2   333.2            24-07-2025      
19726  9004   10       85      850              24-07-2025      
19751  49     10       72.25   722.5            30-07-2025      
19751  8901   11       187     2057             30-07-2025      
