721    25     2        118.15  236.3            23-07-2025      
722    25     6        118.15  708.9            09-07-2025      
722    44     2        90.94   181.88           09-07-2025      
722    8457   3        61.2    183.6            09-07-2025      
722    8602   1        362.34  362.34           16-07-2025      
722    8633   3        79.81   239.43           09-07-2025      
722    8673   2        41.34   82.68            09-07-2025      
722    8800   1        59.5    59.5             09-07-2025      
725    9004   2        85      170              02-07-2025      
1088   8620   1        144.5   144.5            15-07-2025      
1316   8457   1        61.2    61.2             12-07-2025      
1322   9044   6        442.59  2655.54          21-07-2025      
1466   8594   1        228.02  228.02           24-07-2025      
1495   8510   1        599.15  599.15           24-07-2025      
5006   8867   2        52.36   104.72           16-07-2025      
5026   8457   3        61.2    183.6            23-07-2025      
5052   8633   1        79.81   79.81            23-07-2025      
5052   8868   1        374     374              23-07-2025      
5052   9001   1        55.25   55.25            23-07-2025      
5071   9008   1        338.64  338.64           23-07-2025      
5123   25     3        118.15  354.45           16-07-2025      
5130   3      1        324.7   324.7            30-07-2025      
5130   8527   1        29.75   29.75            30-07-2025      
5130   8664   1        63.75   63.75            30-07-2025      
5130   9066   1        290.03  290.03           30-07-2025      
5153   8594   6        228.02  1368.12          09-07-2025      
6062   25     15       118.15  1772.25          02-07-2025      
8002   8628   1        22.576  22.576           31-07-2025      
8006   25     8        118.15  945.2            17-07-2025      
8006   44     1        90.94   90.94            17-07-2025      
8018   25     2        118.15  236.3            17-07-2025      
8022   25     1        118.15  118.15           31-07-2025      
8043   8974   1        119     119              31-07-2025      
8045   8485   2        93.5    187              10-07-2025      
8045   8514   1        74.58   74.58            10-07-2025      
8045   9001   3        55.25   165.75           10-07-2025      
8053   3      1        324.7   324.7            24-07-2025      
8053   8407   2        127.5   255              24-07-2025      
8053   8457   30       61.2    1836             24-07-2025      
8053   8594   4        228.02  912.08           24-07-2025      
8053   8603   7        51.85   362.95           24-07-2025      
8053   8605   1        74.35   74.35            24-07-2025      
8053   8620   20       144.5   2890             24-07-2025      
8053   8633   15       79.81   1197.15          24-07-2025      
8053   8974   10       119     1190             24-07-2025      
8053   8975   4        34      136              24-07-2025      
8053   9006   2        229.5   459              24-07-2025      
8053   9012   4        465.38  1861.52          24-07-2025      
8053   9066   3        290.03  870.09           24-07-2025      
8059   25     8        118.15  945.2            10-07-2025      
8059   8981   1        85      85               17-07-2025      
8064   25     1        118.15  118.15           17-07-2025      
8065   23     6        79.67   478.02           24-07-2025      
8110   25     1        118.15  118.15           10-07-2025      
8111   23     1        79.67   79.67            17-07-2025      
8127   25     2        118.15  236.3            31-07-2025      
8127   8620   1        144.5   144.5            10-07-2025      
8129   9012   2        465.38  930.76           17-07-2025      
11000  8164   1        119     119              17-07-2025      
19097  8164   2        119     238              17-07-2025      
19112  8868   1        374     374              02-07-2025      
19400  44     2        90.94   181.88           10-07-2025      
19400  8980   1        93.5    93.5             10-07-2025      
19428  23     1        79.67   79.67            09-07-2025      
19524  8457   1        61.2    61.2             24-07-2025      
19524  8594   1        228.02  228.02           24-07-2025      
19524  8974   1        119     119              24-07-2025      
19585  44     1        90.94   90.94            24-07-2025      
19585  8514   1        74.58   74.58            24-07-2025      
19585  8594   1        228.02  228.02           24-07-2025      
19585  8620   1        144.5   144.5            24-07-2025      
19585  8974   1        119     119              24-07-2025      
19726  9004   1        85      85               24-07-2025      
19751  49     2        72.25   144.5            30-07-2025      
19751  8901   1        187     187              30-07-2025      
