100    8474   3        125.65  376.95           10-05-2025      
721    8467   2        333.2   666.4            14-05-2025      
725    8467   40       333.2   13328            14-05-2025      
725    8510   10       599.15  5991.5           14-05-2025      
725    8510   10       599.15  5991.5           28-05-2025      
725    8603   60       51.85   3111             14-05-2025      
1011   18     5        68      340              30-05-2025      
1011   34     4        76.5    306              30-05-2025      
1011   8982   2        76.5    153              30-05-2025      
1024   18     1        68      68               30-05-2025      
1024   19     1        85      85               30-05-2025      
1024   8988   2        76.36   152.72           30-05-2025      
1027   8526   1        58.65   58.65            10-05-2025      
1031   8457   1        61.2    61.2             10-05-2025      
1032   5      2        119.6   239.2            10-05-2025      
1032   8813   3        45.78   137.34           10-05-2025      
1032   8988   4        76.36   305.44           10-05-2025      
1046   8163   2        65.21   130.42           17-05-2025      
1066   25     10       118.15  1181.5           03-05-2025      
1066   49     3        72.25   216.75           03-05-2025      
1066   8164   10       119     1190             03-05-2025      
1066   8457   10       61.2    612              03-05-2025      
1066   8467   2        333.2   666.4            03-05-2025      
1066   8485   5        93.5    467.5            03-05-2025      
1066   8594   4        228.02  912.08           03-05-2025      
1066   8603   12       51.85   622.2            03-05-2025      
1066   8620   3        144.5   433.5            03-05-2025      
1066   8633   10       79.81   798.1            03-05-2025      
1066   8674   5        85      425              03-05-2025      
1066   8891   10       72.25   722.5            03-05-2025      
1066   8974   2        119     238              03-05-2025      
1066   9001   5        55.25   276.25           03-05-2025      
1066   9006   1        229.5   229.5            03-05-2025      
1066   9012   2        465.38  930.76           03-05-2025      
1066   9065   1        99.45   99.45            03-05-2025      
1074   8413   5        95.17   475.85           17-05-2025      
1082   22     3        97.75   293.25           10-05-2025      
1082   25     30       118.15  3544.5           13-05-2025      
1082   8406   5        92      460              13-05-2025      
1082   8407   7        127.5   892.5            10-05-2025      
1082   8449   2        79.77   159.54           13-05-2025      
1082   8512   1        104.55  104.55           10-05-2025      
1082   8633   1        79.81   79.81            13-05-2025      
1082   8818   19       44.44   844.36           10-05-2025      
1100   8407   2        127.5   255              30-05-2025      
1100   8982   1        76.5    76.5             30-05-2025      
1100   9009   1        544.68  544.68           03-05-2025      
1100   9009   2        544.68  1089.36          26-05-2025      
1125   34     5        76.5    382.5            17-05-2025      
1129   8483   1        82.05   82.05            03-05-2025      
1129   8818   2        44.44   88.88            03-05-2025      
1129   9001   5        55.25   276.25           03-05-2025      
1133   23     1        79.67   79.67            03-05-2025      
1133   8406   3        92      276              03-05-2025      
1133   8474   2        125.65  251.3            03-05-2025      
1152   8162   1        282.2   282.2            24-05-2025      
1152   8406   2        92      184              24-05-2025      
1152   8407   1        127.5   127.5            24-05-2025      
1152   9001   4        55.25   221              24-05-2025      
1232   33     2        96.78   193.56           03-05-2025      
1232   8406   2        92      184              03-05-2025      
1232   8407   3        127.5   382.5            03-05-2025      
1232   8474   2        125.65  251.3            03-05-2025      
1232   8891   9        72.25   650.25           03-05-2025      
1232   8982   3        76.5    229.5            06-05-2025      
1248   23     10       79.67   796.7            06-05-2025      
1323   9008   4        338.64  1354.56          19-05-2025      
1357   23     10       79.67   796.7            06-05-2025      
1357   8891   5        72.25   361.25           21-05-2025      
1362   22     2        97.75   195.5            03-05-2025      
1453   8869   1        56.1    56.1             30-05-2025      
1453   8982   3        76.5    229.5            30-05-2025      
1458   8413   40       95.17   3806.8           06-05-2025      
1480   18     1        68      68               14-05-2025      
1480   52     1        190.02  190.02           14-05-2025      
1480   8406   6        92      552              14-05-2025      
1480   8891   2        72.25   144.5            14-05-2025      
1480   8980   2        93.5    187              14-05-2025      
1480   9001   1        55.25   55.25            14-05-2025      
1480   9065   3        99.45   298.35           14-05-2025      
1495   8474   4        125.65  502.6            15-05-2025      
1495   8602   1        362.34  362.34           15-05-2025      
1495   9040   2        85      170              15-05-2025      
1498   8831   4        73.1    292.4            27-05-2025      
1498   8884   2        102     204              27-05-2025      
1498   9001   8        55.25   442              27-05-2025      
2021   8674   1        85      85               17-05-2025      
2109   8449   1        79.77   79.77            10-05-2025      
2109   8988   2        76.36   152.72           10-05-2025      
2132   8407   4        127.5   510              27-05-2025      
5009   25     30       118.15  3544.5           07-05-2025      
5009   8603   15       51.85   777.75           07-05-2025      
5035   3      2        324.7   649.4            21-05-2025      
5035   8164   10       119     1190             21-05-2025      
5035   8407   10       127.5   1275             21-05-2025      
5035   8510   2        599.15  1198.3           21-05-2025      
5035   8602   2        362.34  724.68           21-05-2025      
5035   8673   20       41.34   826.8            21-05-2025      
5035   8974   5        119     595              21-05-2025      
5035   8975   5        34      170              21-05-2025      
5035   8980   5        93.5    467.5            21-05-2025      
5035   9006   10       229.5   2295             14-05-2025      
5035   9047   10       212.5   2125             14-05-2025      
5042   8164   10       119     1190             14-05-2025      
5043   8407   5        127.5   637.5            07-05-2025      
5043   8457   20       61.2    1224             07-05-2025      
5043   8467   1        333.2   333.2            07-05-2025      
5043   8603   15       51.85   777.75           07-05-2025      
5052   49     10       72.25   722.5            07-05-2025      
5052   8474   10       125.65  1256.5           07-05-2025      
5052   8664   50       63.75   3187.5           07-05-2025      
5054   25     10       118.15  1181.5           21-05-2025      
5054   44     10       90.94   909.4            21-05-2025      
5054   8413   10       95.17   951.7            07-05-2025      
5054   8457   10       61.2    612              21-05-2025      
5054   8594   5        228.02  1140.1           21-05-2025      
5054   8602   10       362.34  3623.4           07-05-2025      
5054   8602   5        362.34  1811.7           21-05-2025      
5054   8974   10       119     1190             21-05-2025      
5054   9012   2        465.38  930.76           21-05-2025      
5071   8474   10       125.65  1256.5           14-05-2025      
5086   25     10       118.15  1181.5           07-05-2025      
5111   8407   10       127.5   1275             14-05-2025      
5111   9006   10       229.5   2295             14-05-2025      
5119   3      6        324.7   1948.2           07-05-2025      
5119   8975   5        34      170              07-05-2025      
5119   9066   2        290.03  580.06           07-05-2025      
5128   25     50       118.15  5907.5           14-05-2025      
5128   50     10       170     1700             14-05-2025      
5128   8514   30       74.58   2237.4           28-05-2025      
5128   8534   20       102     2040             14-05-2025      
5128   8633   20       79.81   1596.2           14-05-2025      
5128   8664   30       63.75   1912.5           14-05-2025      
6012   25     50       118.15  5907.5           27-05-2025      
8004   8406   4        92      368              15-05-2025      
8012   8467   10       333.2   3332             15-05-2025      
8019   8974   5        119     595              29-05-2025      
8019   8980   5        93.5    467.5            29-05-2025      
8020   9006   5        229.5   1147.5           29-05-2025      
8020   9047   5        212.5   1062.5           29-05-2025      
8021   8407   5        127.5   637.5            15-05-2025      
8021   8594   5        228.02  1140.1           15-05-2025      
8021   8901   1        187     187              15-05-2025      
8021   8974   10       119     1190             15-05-2025      
8022   8474   2        125.65  251.3            15-05-2025      
8023   8457   10       61.2    612              29-05-2025      
8023   8467   1        333.2   333.2            29-05-2025      
8023   8487   2        205.7   411.4            29-05-2025      
8023   8974   3        119     357              29-05-2025      
8030   9012   10       465.38  4653.8           15-05-2025      
8038   3      2        324.7   649.4            29-05-2025      
8038   16     2        255     510              29-05-2025      
8038   50     6        170     1020             29-05-2025      
8038   8457   10       61.2    612              29-05-2025      
8038   8467   1        333.2   333.2            29-05-2025      
8038   8510   1        599.15  599.15           29-05-2025      
8038   8534   10       102     1020             29-05-2025      
8043   8407   5        127.5   637.5            15-05-2025      
8043   8474   10       125.65  1256.5           15-05-2025      
8043   8868   1        374     374              15-05-2025      
8043   8901   3        187     561              15-05-2025      
8043   8974   10       119     1190             15-05-2025      
8044   9066   4        290.03  1160.12          01-05-2025      
8046   8594   2        228.02  456.04           08-05-2025      
8046   8603   10       51.85   518.5            08-05-2025      
8046   8633   4        79.81   319.24           08-05-2025      
8053   8413   29       95.17   2759.93          01-05-2025      
8053   8815   21       101.88  2139.48          01-05-2025      
8053   8877   2        195.5   391              01-05-2025      
8053   9044   42       442.59  18588.78         01-05-2025      
8056   50     10       170     1700             29-05-2025      
8056   8664   5        63.75   318.75           29-05-2025      
8059   44     10       90.94   909.4            22-05-2025      
8059   8467   10       333.2   3332             22-05-2025      
8059   8868   5        374     1870             22-05-2025      
8059   9006   10       229.5   2295             22-05-2025      
8059   9012   1        465.38  465.38           22-05-2025      
8061   8407   2        127.5   255              29-05-2025      
8061   9040   2        85      170              29-05-2025      
8063   3      1        324.7   324.7            22-05-2025      
8063   25     10       118.15  1181.5           22-05-2025      
8063   44     10       90.94   909.4            22-05-2025      
8063   8457   10       61.2    612              22-05-2025      
8063   8467   5        333.2   1666             29-05-2025      
8063   8485   10       93.5    935              22-05-2025      
8063   8594   2        228.02  456.04           22-05-2025      
8063   8605   5        74.35   371.75           22-05-2025      
8063   8633   10       79.81   798.1            22-05-2025      
8070   9012   1        465.38  465.38           29-05-2025      
8071   25     20       118.15  2363             15-05-2025      
8071   8620   10       144.5   1445             15-05-2025      
8071   8673   10       41.34   413.4            15-05-2025      
8071   8974   10       119     1190             15-05-2025      
8071   8986   10       93.5    935              15-05-2025      
8078   25     10       118.15  1181.5           08-05-2025      
8091   3      2        324.7   649.4            29-05-2025      
8091   25     10       118.15  1181.5           08-05-2025      
8091   8399   5        114.75  573.75           29-05-2025      
8091   8467   2        333.2   666.4            29-05-2025      
8091   8487   3        205.7   617.1            29-05-2025      
8091   8633   10       79.81   798.1            29-05-2025      
8110   25     10       118.15  1181.5           22-05-2025      
8110   9012   1        465.38  465.38           22-05-2025      
8111   8868   1        374     374              01-05-2025      
8117   25     50       118.15  5907.5           12-05-2025      
8117   8407   20       127.5   2550             12-05-2025      
8117   8412   50       127.5   6375             12-05-2025      
8117   8467   20       333.2   6664             12-05-2025      
8117   8485   50       93.5    4675             12-05-2025      
8117   8514   50       74.58   3729             12-05-2025      
8117   8527   30       29.75   892.5            12-05-2025      
8117   8534   50       102     5100             12-05-2025      
8117   8603   105      51.85   5444.25          12-05-2025      
8117   8620   30       144.5   4335             12-05-2025      
8117   8633   50       79.81   3990.5           12-05-2025      
8117   8664   50       63.75   3187.5           12-05-2025      
8117   8673   50       41.34   2067             12-05-2025      
8117   8868   20       374     7480             12-05-2025      
8117   8980   30       93.5    2805             12-05-2025      
8117   8981   30       85      2550             12-05-2025      
8117   9047   30       212.5   6375             12-05-2025      
8117   9066   10       290.03  2900.3           12-05-2025      
8127   9006   10       229.5   2295             29-05-2025      
8128   8412   5        127.5   637.5            08-05-2025      
8138   8534   10       102     1020             22-05-2025      
8150   25     20       118.15  2363             08-05-2025      
8150   50     10       170     1700             08-05-2025      
12009  3      1        324.7   324.7            01-05-2025      
12009  8467   1        333.2   333.2            01-05-2025      
12009  9012   1        465.38  465.38           01-05-2025      
19106  8407   4        127.5   510              19-05-2025      
19112  8413   8        95.17   761.36           07-05-2025      
19167  8485   100      93.5    9350             12-05-2025      
19167  8800   100      59.5    5950             12-05-2025      
19201  3      2        324.7   649.4            22-05-2025      
19201  8527   10       29.75   297.5            22-05-2025      
19201  8534   10       102     1020             22-05-2025      
19201  9012   1        465.38  465.38           22-05-2025      
19246  8868   5        374     1870             07-05-2025      
19247  49     5        72.25   361.25           28-05-2025      
19247  8514   10       74.58   745.8            28-05-2025      
19247  8603   10       51.85   518.5            28-05-2025      
19247  8620   3        144.5   433.5            28-05-2025      
19247  8974   2        119     238              28-05-2025      
19247  9001   10       55.25   552.5            14-05-2025      
19392  8407   4        127.5   510              22-05-2025      
19400  25     30       118.15  3544.5           22-05-2025      
19406  8406   1        92      92               24-05-2025      
19408  8407   1        127.5   127.5            19-05-2025      
19427  3      2        324.7   649.4            01-05-2025      
19427  50     2        170     340              01-05-2025      
19427  8474   3        125.65  376.95           15-05-2025      
19427  8594   2        228.02  456.04           15-05-2025      
19427  8664   5        63.75   318.75           15-05-2025      
19473  8457   10       61.2    612              15-05-2025      
19479  18     9        68      612              03-05-2025      
19479  33     9        96.78   871.02           03-05-2025      
19479  8284   5        43.49   217.45           03-05-2025      
19479  8473   11       116.14  1277.54          03-05-2025      
19479  8603   11       51.85   570.35           03-05-2025      
19479  8891   2        72.25   144.5            03-05-2025      
19479  9039   5        56.4    282              03-05-2025      
19514  8594   5        228.02  1140.1           01-05-2025      
19514  8620   5        144.5   722.5            01-05-2025      
19514  8868   5        374     1870             01-05-2025      
19531  8284   6        43.49   260.94           10-05-2025      
19531  8512   4        104.55  418.2            10-05-2025      
19578  8474   2        125.65  251.3            03-05-2025      
19589  8164   5        119     595              03-05-2025      
19589  8485   6        93.5    561              03-05-2025      
19697  25     30       118.15  3544.5           03-05-2025      
19697  44     1        90.94   90.94            03-05-2025      
19697  8164   3        119     357              03-05-2025      
19697  8407   1        127.5   127.5            24-05-2025      
19697  8594   4        228.02  912.08           24-05-2025      
19697  8620   3        144.5   433.5            24-05-2025      
19697  8633   7        79.81   558.67           03-05-2025      
19697  8901   2        187     374              03-05-2025      
19697  8980   4        93.5    374              24-05-2025      
19714  31     1        70.39   70.39            21-05-2025      
19714  8413   1        95.17   95.17            21-05-2025      
19714  8777   2        71.2    142.4            21-05-2025      
19714  8869   4        56.1    224.4            21-05-2025      
19714  8980   2        93.5    187              21-05-2025      
19718  8413   37       95.17   3521.29          08-05-2025      
19729  34     3        76.5    229.5            03-05-2025      
19729  8413   1        95.17   95.17            03-05-2025      
19729  8982   3        76.5    229.5            03-05-2025      
19740  9066   10       290.03  2900.3           28-05-2025      
19745  3      2        324.7   649.4            07-05-2025      
19745  8974   10       119     1190             07-05-2025      
19745  8975   10       34      340              07-05-2025      
19745  8981   2        85      170              07-05-2025      
19745  9012   1        465.38  465.38           07-05-2025      
19745  9066   1        290.03  290.03           07-05-2025      
