725    8467   4        333.2   1332.8           14-05-2025      
725    8510   1        599.15  599.15           14-05-2025      
725    8510   1        599.15  599.15           28-05-2025      
725    8603   4        51.85   207.4            14-05-2025      
1066   25     1        118.15  118.15           03-05-2025      
1066   8164   1        119     119              03-05-2025      
1066   8457   1        61.2    61.2             03-05-2025      
1066   8633   1        79.81   79.81            03-05-2025      
1082   25     3        118.15  354.45           13-05-2025      
1248   23     1        79.67   79.67            06-05-2025      
1357   23     1        79.67   79.67            06-05-2025      
1458   8413   4        95.17   380.68           06-05-2025      
5009   25     9        118.15  1063.35          07-05-2025      
5009   8603   1        51.85   51.85            07-05-2025      
5035   8164   1        119     119              21-05-2025      
5035   8407   1        127.5   127.5            21-05-2025      
5035   8673   2        41.34   82.68            21-05-2025      
5035   9006   1        229.5   229.5            14-05-2025      
5035   9047   1        212.5   212.5            14-05-2025      
5042   8164   1        119     119              14-05-2025      
5043   8407   1        127.5   127.5            07-05-2025      
5043   8457   2        61.2    122.4            07-05-2025      
5043   8603   1        51.85   51.85            07-05-2025      
5052   49     2        72.25   144.5            07-05-2025      
5052   8474   1        125.65  125.65           07-05-2025      
5052   8664   5        63.75   318.75           07-05-2025      
5054   25     2        118.15  236.3            21-05-2025      
5054   44     1        90.94   90.94            21-05-2025      
5054   8413   1        95.17   95.17            07-05-2025      
5054   8457   1        61.2    61.2             21-05-2025      
5054   8594   1        228.02  228.02           21-05-2025      
5054   8602   1        362.34  362.34           07-05-2025      
5054   8974   1        119     119              21-05-2025      
5071   8474   1        125.65  125.65           14-05-2025      
5086   25     1        118.15  118.15           07-05-2025      
5111   8407   2        127.5   255              14-05-2025      
5111   9006   1        229.5   229.5            14-05-2025      
5128   25     10       118.15  1181.5           14-05-2025      
5128   8514   3        74.58   223.74           28-05-2025      
5128   8534   4        102     408              14-05-2025      
5128   8633   3        79.81   239.43           14-05-2025      
5128   8664   3        63.75   191.25           14-05-2025      
6012   25     5        118.15  590.75           27-05-2025      
8012   8467   1        333.2   333.2            15-05-2025      
8021   8407   1        127.5   127.5            15-05-2025      
8021   8594   1        228.02  228.02           15-05-2025      
8021   8974   1        119     119              15-05-2025      
8023   8457   1        61.2    61.2             29-05-2025      
8030   9012   2        465.38  930.76           15-05-2025      
8038   8457   1        61.2    61.2             29-05-2025      
8038   8534   1        102     102              29-05-2025      
8043   8407   1        127.5   127.5            15-05-2025      
8043   8474   1        125.65  125.65           15-05-2025      
8043   8974   1        119     119              15-05-2025      
8053   9044   2        442.59  885.18           01-05-2025      
8059   44     1        90.94   90.94            22-05-2025      
8059   8467   1        333.2   333.2            22-05-2025      
8059   8868   1        374     374              22-05-2025      
8059   9006   1        229.5   229.5            22-05-2025      
8063   25     1        118.15  118.15           22-05-2025      
8063   44     1        90.94   90.94            22-05-2025      
8063   8457   1        61.2    61.2             22-05-2025      
8063   8485   1        93.5    93.5             22-05-2025      
8063   8633   1        79.81   79.81            22-05-2025      
8071   25     6        118.15  708.9            15-05-2025      
8071   8620   2        144.5   289              15-05-2025      
8071   8673   1        41.34   41.34            15-05-2025      
8071   8974   1        119     119              15-05-2025      
8071   8986   2        93.5    187              15-05-2025      
8078   25     1        118.15  118.15           08-05-2025      
8091   25     1        118.15  118.15           08-05-2025      
8091   8633   1        79.81   79.81            29-05-2025      
8110   25     1        118.15  118.15           22-05-2025      
8117   25     15       118.15  1772.25          12-05-2025      
8117   8407   4        127.5   510              12-05-2025      
8117   8412   10       127.5   1275             12-05-2025      
8117   8467   2        333.2   666.4            12-05-2025      
8117   8485   5        93.5    467.5            12-05-2025      
8117   8514   5        74.58   372.9            12-05-2025      
8117   8527   3        29.75   89.25            12-05-2025      
8117   8534   10       102     1020             12-05-2025      
8117   8603   7        51.85   362.95           12-05-2025      
8117   8620   6        144.5   867              12-05-2025      
8117   8633   7        79.81   558.67           12-05-2025      
8117   8664   5        63.75   318.75           12-05-2025      
8117   8673   5        41.34   206.7            12-05-2025      
8117   8868   4        374     1496             12-05-2025      
8117   8980   3        93.5    280.5            12-05-2025      
8117   8981   3        85      255              12-05-2025      
8117   9047   3        212.5   637.5            12-05-2025      
8117   9066   1        290.03  290.03           12-05-2025      
8127   9006   1        229.5   229.5            29-05-2025      
8128   8412   1        127.5   127.5            08-05-2025      
8138   8534   1        102     102              22-05-2025      
8150   25     6        118.15  708.9            08-05-2025      
19167  8485   10       93.5    935              12-05-2025      
19167  8800   10       59.5    595              12-05-2025      
19201  8527   1        29.75   29.75            22-05-2025      
19201  8534   1        102     102              22-05-2025      
19246  8868   1        374     374              07-05-2025      
19247  49     1        72.25   72.25            28-05-2025      
19247  8514   1        74.58   74.58            28-05-2025      
19247  9001   1        55.25   55.25            14-05-2025      
19400  25     6        118.15  708.9            22-05-2025      
19473  8457   1        61.2    61.2             15-05-2025      
19514  8594   1        228.02  228.02           01-05-2025      
19514  8620   1        144.5   144.5            01-05-2025      
19514  8868   1        374     374              01-05-2025      
19697  25     3        118.15  354.45           03-05-2025      
19740  9066   1        290.03  290.03           28-05-2025      
19745  8974   1        119     119              07-05-2025      
19745  8975   1        34      34               07-05-2025      
